================================================================================
Supported display modes for NVDD.INF                  Version 186.27, 06/26/2009
================================================================================

Format:
[INFSectionName]
  ////////////////////////////////////////////////////////////////////
  // PCI ID(hex) - Device Name
  ////////////////////////////////////////////////////////////////////
  ; Spanning Type
    XRes x YRes  bpp  refresh1 refresh2 refresh3 ...

================================================================================

[nv_commonDisplayModes_addreg__03]

  ////////////////////////////////////////////////////////////////////
  // 0191 - NVIDIA GeForce 8800 GTX
  // 0605 - NVIDIA GeForce 9800 GT
  // 0614 - NVIDIA GeForce 9800 GT
  ////////////////////////////////////////////////////////////////////

  ; Standard Modes

     640 x  480   8      60    75 85 100 120
     720 x  400   8         70
     720 x  480   8      60
     720 x  576   8   50
     800 x  600   8      60    75 85 100 120
    1024 x  768   8      60    75 85 100 120
    1152 x  864   8            75 85
    1280 x  768   8      60
    1280 x  800   8      60    75 85 100
    1280 x 1024   8      60    75 85 100
    1360 x  768   8      60
    1400 x 1050   8      60
    1440 x  900   8      60
    1600 x 1000   8            75 85
    1600 x 1200   8      60    75 85
    1680 x 1050   8      60
    1800 x 1440   8            75
    1920 x 1200   8      60    75
    1920 x 1440   8            75
    ------------------------------------------------------------------
     640 x  480  16      60    75 85 100 120
     720 x  400  16         70
     720 x  480  16      60
     720 x  576  16   50
     800 x  600  16      60    75 85 100 120
    1024 x  768  16      60    75 85 100 120
    1152 x  864  16            75 85
    1280 x  768  16      60
    1280 x  800  16      60    75 85 100
    1280 x 1024  16      60    75 85 100
    1360 x  768  16      60
    1400 x 1050  16      60
    1440 x  900  16      60
    1600 x 1000  16            75 85
    1600 x 1200  16      60    75 85
    1680 x 1050  16      60
    1800 x 1440  16            75
    1920 x 1200  16      60    75
    1920 x 1440  16            75
    2048 x 1536  16      60    75
    ------------------------------------------------------------------
     640 x  480  32      60    75 85 100 120
     720 x  400  32         70
     720 x  480  32      60
     720 x  576  32   50
     800 x  600  32      60    75 85 100 120
    1024 x  768  32      60    75 85 100 120
    1152 x  864  32            75 85
    1280 x  768  32      60
    1280 x  800  32      60    75 85 100
    1280 x 1024  32      60    75 85 100
    1360 x  768  32      60
    1400 x 1050  32      60
    1440 x  900  32      60
    1600 x 1000  32            75 85
    1600 x 1200  32      60    75 85
    1680 x 1050  32      60
    1800 x 1440  32            75
    1920 x 1200  32      60    75
    1920 x 1440  32            75
    2048 x 1536  32      60    75
    ------------------------------------------------------------------
     640 x  480  64      60    75 85 100 120
     720 x  400  64         70
     720 x  480  64      60
     720 x  576  64   50
     800 x  600  64      60    75 85 100 120
    1024 x  768  64      60    75 85 100 120
    1152 x  864  64            75 85
    1280 x  768  64      60
    1280 x  800  64      60    75 85 100
    1280 x 1024  64      60    75 85 100
    1360 x  768  64      60
    1400 x 1050  64      60
    1440 x  900  64      60
    1600 x 1000  64            75 85
    1600 x 1200  64      60    75 85
    1680 x 1050  64      60
    1800 x 1440  64            75
    1920 x 1200  64      60    75
    1920 x 1440  64            75

[nv_commonDisplayModes_addreg__04]

  ////////////////////////////////////////////////////////////////////
  // 05E0 - NVIDIA GeForce GTX 295
  // 05E1 - NVIDIA GeForce GTX 280
  ////////////////////////////////////////////////////////////////////

  ; Standard Modes

     640 x  480   8      60
     720 x  480   8      60
     720 x  576   8   50
     800 x  600   8      60 70 75 85 100
     960 x  600   8      60 70 75 85 100
    1024 x  768   8      60 70 75 85 100
    1152 x  864   8      60 70 75 85 100
    1280 x  768   8      60
    1280 x  800   8      60
    1280 x  960   8      60 70 75 85 100
    1280 x 1024   8      60 70 75 85 100
    1360 x  768   8      60
    1600 x 1200   8      60 70 75 85 100
    1680 x 1050   8      60
    1920 x 1200   8      60
    1920 x 1440   8      60 70 75 85 100
    2048 x 1536   8      60 70 75 85 100
    ------------------------------------------------------------------
     640 x  480  16      60
     720 x  480  16      60
     720 x  576  16   50
     800 x  600  16      60 70 75 85 100
     960 x  600  16      60 70 75 85 100
    1024 x  768  16      60 70 75 85 100
    1152 x  864  16      60 70 75 85 100
    1280 x  768  16      60
    1280 x  800  16      60
    1280 x  960  16      60 70 75 85 100
    1280 x 1024  16      60 70 75 85 100
    1360 x  768  16      60
    1600 x 1200  16      60 70 75 85 100
    1680 x 1050  16      60
    1920 x 1200  16      60
    1920 x 1440  16      60 70 75 85 100
    2048 x 1536  16      60 70 75 85 100
    ------------------------------------------------------------------
     640 x  480  32      60
     720 x  480  32      60
     720 x  576  32   50
     800 x  600  32      60 70 75 85 100
     960 x  600  32      60 70 75 85 100
    1024 x  768  32      60 70 75 85 100
    1152 x  864  32      60 70 75 85 100
    1280 x  768  32      60
    1280 x  800  32      60
    1280 x  960  32      60 70 75 85 100
    1280 x 1024  32      60 70 75 85 100
    1360 x  768  32      60
    1600 x 1200  32      60 70 75 85 100
    1680 x 1050  32      60
    1920 x 1200  32      60
    1920 x 1440  32      60 70 75 85 100
    2048 x 1536  32      60 70 75 85 100
    ------------------------------------------------------------------
     640 x  480  64      60
     720 x  480  64      60
     720 x  576  64   50
     800 x  600  64      60 70 75 85 100
     960 x  600  64      60 70 75 85 100
    1024 x  768  64      60 70 75 85 100
    1152 x  864  64      60 70 75 85 100
    1280 x  768  64      60
    1280 x  800  64      60
    1280 x  960  64      60 70 75 85 100
    1280 x 1024  64      60 70 75 85 100
    1360 x  768  64      60
    1600 x 1200  64      60 70 75 85 100
    1680 x 1050  64      60
    1920 x 1200  64      60
    1920 x 1440  64      60 70 75 85 100
    2048 x 1536  64      60 70 75 85 100

[nv_commonDisplayModes_addreg__05]

  ////////////////////////////////////////////////////////////////////
  // 05E3 - NVIDIA GeForce GTX 285
  // 05EA - NVIDIA GeForce GTX 260
  // 0607 - NVIDIA GeForce GTS 240
  ////////////////////////////////////////////////////////////////////

  ; Standard Modes

     640 x  480   8      60       75 85 100 120
     720 x  480   8      60
     720 x  576   8   50
     800 x  600   8      60 70    75 85 100 120
     960 x  600   8      60 70    75 85 100
    1024 x  768   8      60 70    75 85 100 120
    1152 x  864   8      60 70    75 85 100
    1280 x  768   8      60
    1280 x  800   8      60       75 85 100
    1280 x  960   8      60 70    75 85 100
    1280 x 1024   8      60 70    75 85 100
    1360 x  768   8      60
    1600 x 1200   8      60 70    75 85 100
    1680 x 1050   8      60
    1920 x 1200   8      60       75
    1920 x 1440   8      60 70    75 85
    2048 x 1536   8      60
    ------------------------------------------------------------------
     640 x  480  16      60       75 85 100 120
     720 x  480  16      60
     720 x  576  16   50
     800 x  600  16      60 70    75 85 100 120
     960 x  600  16      60 70    75 85 100
    1024 x  768  16      60 70    75 85 100 120
    1152 x  864  16      60 70    75 85 100
    1280 x  768  16      60
    1280 x  800  16      60       75 85 100
    1280 x  960  16      60 70    75 85 100
    1280 x 1024  16      60 70    75 85 100
    1360 x  768  16      60
    1600 x 1200  16      60 70    75 85 100
    1680 x 1050  16      60
    1920 x 1200  16      60       75
    1920 x 1440  16      60 70    75 85
    2048 x 1536  16      60       75
    ------------------------------------------------------------------
     640 x  480  32      60       75 85 100 120
     720 x  480  32      60
     720 x  576  32   50
     800 x  600  32      60 70    75 85 100 120
     960 x  600  32      60 70    75 85 100
    1024 x  768  32      60 70    75 85 100 120
    1152 x  864  32      60 70    75 85 100
    1280 x  768  32      60
    1280 x  800  32      60       75 85 100
    1280 x  960  32      60 70    75 85 100
    1280 x 1024  32      60 70    75 85 100
    1360 x  768  32      60
    1600 x 1200  32      60 70    75 85 100
    1680 x 1050  32      60
    1920 x 1200  32      60       75
    1920 x 1440  32      60 70    75 85
    2048 x 1536  32      60       75
    ------------------------------------------------------------------
     640 x  480  64      60 70 72 75 85 100 120 140 144 150 170 200 240
     720 x  480  64      60
     720 x  576  64   50
     800 x  600  64      60 70 72 75 85 100 120 140 144 150 170 200 240
     960 x  600  64      60 70 72 75 85 100 120 140 144 150 170 200 240
    1024 x  768  64      60 70 72 75 85 100 120 140 144 150 170 200 240
    1088 x  612  64      60 70 72 75 85 100 120 140 144 150 170 200 240
    1152 x  864  64      60 70 72 75 85 100 120 140 144 150 170 200
    1280 x  720  64      60
    1280 x  768  64      60 70 72 75 85 100 120 140 144 150 170
    1280 x  800  64      60 70 72 75 85 100 120 140 144 150 170
    1280 x  960  64      60 70 72 75 85 100 120 140 144 150 170
    1280 x 1024  64      60 70 72 75 85 100 120 140 144 150 170
    1360 x  768  64      60 70 72 75 85 100 120 140 144 150 170
    1600 x  900  64      60 70 72 75 85 100 120 140 144 150
    1600 x 1024  64      60 70 72 75 85 100 120
    1600 x 1200  64      60 70 72 75 85 100 120
    1680 x 1050  64      60
    1920 x 1080  64      60
    1920 x 1200  64      60 70 72 75 85 100
    1920 x 1440  64      60 70 72 75 85
    2048 x 1536  64      60
